17 12
170 170 170 146 144 144 144 144 144 144 144 144 147 150 150 150 150
170 150 150 142 14 2 2 2 2 2 2 14 143 125 150 125 150
170 170 170 142 14 2 2 2 2 2 2 14 143 150 150 150 150
150 150 170 142 14 2 2 2 2 2 2 14 143 117 150 117 150
170 170 170 142 14 14 14 2 2 14 14 14 143 163 117 150 150
53 150 53 148 145 145 145 2 2 145 145 145 149 24 150 24 150
53 53 53 150 146 144 144 2 2 144 144 147 24 163 24 163 24
53 163 53 163 142 14 2 2 2 2 14 143 24 25 25 25 24
163 7 163 163 142 14 2 2 2 2 14 143 24 25 163 163 24
7 163 7 163 142 14 14 2 2 14 14 143 150 25 25 25 163
7 7 7 163 148 145 145 2 2 145 145 149 150 25 163 163 150
7 163 7 163 150 150 163 2 2 163 150 150 150 25 25 25 150